# MAGPI_ID      z_spec        SFR        SFR_err  SFR_flag
#==Notes: SFR_flag=0 use Ha/Hb for correction, 1 use Ha/Hg, 2 use Hb/Hg, 3 use Hb/Hd==
#==Require S/N>=3 on both lines; Corrections assume Milky Way extinction curve==
1201057188     0.879600     0.541487     0.213924       2
1201061256     0.402700    0.0137356   0.00172156       0
1201101154     0.413700     0.205586   0.00752332       0
1201112189     0.879000          NaN          NaN     -99
1201118138     0.346900          NaN          NaN     -99
1201123284     0.348700     0.134539   0.00491021       0
1201124338     0.347700          NaN          NaN     -99
1201129319     0.304900    0.0454930   0.00128568       0
1201141060     0.870500          NaN          NaN     -99
1201142200      1.42410          NaN          NaN     -99
1201151066     0.671500     0.109793    0.0493323       2
1201166105     0.516500     0.688877     0.314686       2
1201168152      1.09310          NaN          NaN     -99
1201197192     0.346200          NaN          NaN     -99
1201197199     0.346900          NaN          NaN     -99
1201201063     0.348200          NaN          NaN     -99
1201207317      1.26120          NaN          NaN     -99
1201219137     0.543900      2.85626     0.168024       2
1201229132     0.543700     0.227664     0.197197       2
1201233238     0.333800          NaN          NaN     -99
1201252223     0.346000          NaN          NaN     -99
1201267266     0.969000          NaN          NaN     -99
1201271244     0.199200    0.0418872   0.00126273       1
1201278041      1.44370          NaN          NaN     -99
1201278070     0.298400    0.0162427   0.00325672       0
1201290288     0.757400     0.745674     0.210229       3
1201294250     0.871200     0.711737     0.401390       2
1201300075     0.479600     0.700328     0.173738       2
1201302222     0.299200     0.385395   0.00433949       0
1201303336      1.26390          NaN          NaN     -99
1201310142     0.690300     0.821167     0.271508       2
1201310200     0.826700     0.113907    0.0786510       2
1201314179     0.333800    0.0796436    0.0103364       0
1201320149     0.262200    0.0487175   0.00337835       0
1201341060     0.382500     0.115543   0.00767820       0
1201358328     0.349400          NaN          NaN     -99
1202044210     0.739300          NaN          NaN     -99
1202068195     0.455900          NaN          NaN     -99
1202077074     0.398300     0.669494    0.0175124       0
1202091312     0.196000    0.0675506   0.00124649       1
1202098159     0.844400     0.824092     0.254605       2
1202124233     0.558900    0.0580010    0.0378778       2
1202130182     0.482500     0.210687    0.0405026       2
1202142230     0.325700    0.0323107   0.00174519       0
1202153285     0.794000          NaN          NaN     -99
1202156126     0.551900    0.0276369    0.0222688       2
1202159194     0.552000     0.318898     0.206675       2
1202161125     0.551300          NaN          NaN     -99
1202190072      1.25950          NaN          NaN     -99
1202193066      1.25920          NaN          NaN     -99
1202196051     0.923100          NaN          NaN     -99
1202197197     0.291300      9.73212     0.193272       0
1202201221     0.550700     0.121531    0.0415972       2
1202209276     0.559700          NaN          NaN     -99
1202211147     0.561300     0.534850     0.124305       2
1202217204     0.550800          NaN          NaN     -99
1202221243     0.292100     0.171436   0.00556908       0
1202222143     0.526400      1.08475    0.0972494       2
1202249179     0.439000    0.0962886    0.0334772       2
1202253144     0.559100    0.0407810    0.0195685       2
1202260065     0.738300      1.06449     0.255701       2
1202266102     0.553200     0.636254     0.115731       2
1202276302     0.376400    0.0250638   0.00258832       0
1202290134     0.492700     0.325937     0.138029       2
1202297132     0.558500    0.0773339    0.0427727       2
1202300176     0.373300     0.130194   0.00421369       0
1202301169     0.688400      8.19882      2.34189       2
1202314150     0.563400      4.68541     0.724970       2
1202314189     0.725100      4.06834      1.18127       2
1202330214     0.919400      1.36329     0.741556       2
1202368315     0.718300          NaN          NaN     -99
1203040085     0.312400          NaN          NaN     -99
1203044142     0.366100     0.148873   0.00574209       0
1203053204     0.307000          NaN          NaN     -99
1203060081     0.279100          NaN          NaN     -99
1203070184     0.308400          NaN          NaN     -99
1203076068     0.306200      4.62859    0.0608105       0
1203081107     0.305900    0.0418641   0.00333413       0
1203081168     0.312000          NaN          NaN     -99
1203087201     0.308800          NaN          NaN     -99
1203092088     0.813000          NaN          NaN     -99
1203094051     0.310700          NaN          NaN     -99
1203103298     0.307600          NaN          NaN     -99
1203122346     0.197400    0.0409083   0.00350193       1
1203126354      1.08830          NaN          NaN     -99
1203152196     0.280200    0.0657996   0.00388597       0
1203153287     0.306900    0.0617629   0.00276810       0
1203183064     0.862100      1.22034     0.467622       2
1203191233     0.353700     0.457003    0.0254759       0
1203195161     0.278800      2.74486    0.0393967       0
1203195292     0.278900   0.00520766   0.00108470       0
1203196196     0.309400          NaN          NaN     -99
1203198286      1.08850          NaN          NaN     -99
1203204344      1.09120          NaN          NaN     -99
1203214193     0.455200          NaN          NaN     -99
1203225067     0.694400    0.0687063    0.0878406       2
1203230254      1.22370          NaN          NaN     -99
1203230310     0.311100          NaN          NaN     -99
1203235348     0.360500     0.821128    0.0179021       0
1203247089     0.305900     0.360206   0.00593300       0
1203276130     0.313600          NaN          NaN     -99
1203277076     0.941000          NaN          NaN     -99
1203287367     0.307900     0.418904    0.0509126       0
1203294215     0.392000   0.00655256   0.00102193       0
1203303373     0.310800          NaN          NaN     -99
1203305151     0.314500          NaN          NaN     -99
1203305228      1.02850          NaN          NaN     -99
1203318171     0.645100          NaN          NaN     -99
1203323205     0.844500      63.4222      24.1720       2
1203337311     0.312400          NaN          NaN     -99
1203338251     0.311600          NaN          NaN     -99
1203341191     0.683600     0.420875     0.427408       2
1203352194     0.317100          NaN          NaN     -99
1204058163      1.15150          NaN          NaN     -99
1204058291     0.916300          NaN          NaN     -99
1204059071     0.503700    0.0805276    0.0677474       2
1204070087     0.837000    0.0678270    0.0539269       2
1204071128     0.316400    0.0646463   0.00427195       0
1204071202     0.725200      2.29112     0.149405       2
1204090175     0.726300      2.69173     0.538591       2
1204093078     0.536300     0.860407     0.222923       2
1204096181     0.350400   0.00731985   0.00126067       0
1204123199     0.501700     0.126655    0.0678648       2
1204141177     0.106400          NaN          NaN     -99
1204145237      1.16860          NaN          NaN     -99
1204146297     0.814200     0.544455     0.147202       2
1204153198     0.725200    0.0450159    0.0531529       2
1204173240     0.753000     0.196734     0.115575       2
1204178353     0.555000     0.369081     0.162731       2
1204198199     0.315600      2.32432    0.0964196       0
1204213219     0.253700     0.964578    0.0124814       0
1204217145      1.07450          NaN          NaN     -99
1204228274     0.347100    0.0572162   0.00309389       0
1204235184     0.883600     0.342876     0.177782       2
1204236221     0.316100    0.0309567   0.00290163       0
1204239328     0.622800      1.05835     0.175762       2
1204241066     0.611000      8.45529      2.19258       2
1204249179     0.487900    0.0474257    0.0166854       2
1204261231     0.150200   0.00259258  0.000339359       0
1204266138     0.609500     0.158216     0.168812       2
1204279139     0.622900      4.84615      1.19408       2
1204282041     0.536000    0.0787293    0.0529001       2
1204283143     0.624400      1.70963     0.315279       2
1204298191     0.504000          NaN          NaN     -99
1204299243     0.350200          NaN          NaN     -99
1204326275     0.404300          NaN          NaN     -99
1204331311     0.254500     0.181124   0.00382029       0
1204347243     0.350600    0.0288020   0.00191621       0
1204349096      1.23580          NaN          NaN     -99
1204349158     0.848000     0.800670     0.216622       2
1204355300    0.0778000          NaN          NaN     -99
1205047357     0.481600    0.0525513    0.0278552       3
1205063140      1.00940          NaN          NaN     -99
1205075069     0.972800          NaN          NaN     -99
1205077132     0.483800     0.185482     0.165253       2
1205093221     0.291000     0.309498    0.0704316       0
1205097055     0.290200   0.00709134   0.00229006       0
1205110313     0.588400    0.0852977    0.0366976       2
1205118127      1.20140          NaN          NaN     -99
1205120134     0.645500     0.156665    0.0832865       2
1205124316     0.973100          NaN          NaN     -99
1205152316     0.243300          NaN          NaN     -99
1205169271      1.30590          NaN          NaN     -99
1205171252      1.01840          NaN          NaN     -99
1205177229      1.42240          NaN          NaN     -99
1205193352      1.37180          NaN          NaN     -99
1205196165     0.291700     0.539962    0.0239278       0
1205197197     0.291200      4.28922    0.0967305       0
1205197346     0.787700      2.30224     0.674840       2
1205198244     0.795400     0.410004     0.197630       3
1205205254     0.481700     0.970424     0.197047       2
1205219146     0.916100          NaN          NaN     -99
1205224217     0.756600    0.0381953    0.0456461       2
1205224248     0.689100      1.15156     0.237710       2
1205229264     0.668400          NaN          NaN     -99
1205232328     0.482100     0.278229     0.123363       2
1205242077      1.22400          NaN          NaN     -99
1205242089     0.482200     0.978180     0.399190       2
1205245107     0.525700      5.04425      6.69992       2
1205252361     0.622900      30.5028      20.3250       2
1205253345     0.522300      1.37496     0.258968       2
1205283115     0.482900      1.39038      1.02906       2
1205289374     0.290200    0.0367592    0.0106181       0
1205305185     0.601200          NaN          NaN     -99
1205311299      1.17870          NaN          NaN     -99
1205317175     0.600700    0.0860339    0.0576708       2
1205325084     0.524200    0.0357420    0.0184867       2
1205338078     0.652000          NaN          NaN     -99
1205348125     0.796000      5.82247      4.61916       2
1205354224     0.600500     0.283200     0.180226       2
1206030269     0.270000          NaN          NaN     -99
1206037291      1.20800          NaN          NaN     -99
1206046192     0.267500          NaN          NaN     -99
1206047112     0.702000          NaN          NaN     -99
1206048153     0.559900     0.485204    0.0846047       2
1206055146      1.40570          NaN          NaN     -99
1206063305     0.926300          NaN          NaN     -99
1206069101     0.701500      8.47705     0.543113       2
1206079219     0.761200      3.94388     0.495245       2
1206110186     0.267100          NaN          NaN     -99
1206111219     0.267300          NaN          NaN     -99
1206117335     0.327300          NaN          NaN     -99
1206130142     0.582100      2.10048      1.65096       2
1206136246      1.41860          NaN          NaN     -99
1206137151     0.107100    0.0565308  0.000791107       0
1206140290      1.40710          NaN          NaN     -99
1206144156     0.107100    0.0375513  0.000434663       0
1206147253     0.264300          NaN          NaN     -99
1206151090     0.324900      2.22293    0.0115028       0
1206153324      1.40570          NaN          NaN     -99
1206158198      1.11670          NaN          NaN     -99
1206158239     0.454400          NaN          NaN     -99
1206159217     0.327600          NaN          NaN     -99
1206169280      1.41790          NaN          NaN     -99
1206171132     0.980700          NaN          NaN     -99
1206196198     0.326300          NaN          NaN     -99
1206200312     0.266600          NaN          NaN     -99
1206205075     0.326100          NaN          NaN     -99
1206217139     0.454500     0.325799    0.0947725       2
1206225236     0.327100          NaN          NaN     -99
1206225319      1.47510          NaN          NaN     -99
1206243216     0.324400    0.0576108   0.00471360       0
1206247241      1.41830          NaN          NaN     -99
1206247262     0.638500    0.0285085    0.0411358       2
1206262286     0.270300     0.126420   0.00356926       0
1206270108     0.581100      2.30614     0.214766       2
1206276211     0.268200          NaN          NaN     -99
1206291238     0.325900    0.0556190   0.00368518       0
1206295127     0.382600    0.0208846   0.00143475       0
1206300188     0.416200     0.102890   0.00507939       0
1206301185     0.416100    0.0125572   0.00217764       0
1206305217     0.323700    0.0273690   0.00363394       0
1206306251     0.131000    0.0237755  0.000441968       0
1206322202     0.325800     0.410096   0.00564037       0
1206327190      1.40520          NaN          NaN     -99
1206331296     0.269800          NaN          NaN     -99
1206338136     0.416000    0.0200311   0.00333918       0
1206347083      1.41970          NaN          NaN     -99
1206350210     0.926400          NaN          NaN     -99
1206376096     0.326600          NaN          NaN     -99
1207034104      1.05950          NaN          NaN     -99
1207034130      1.05920          NaN          NaN     -99
1207046196      1.13350          NaN          NaN     -99
1207065112     0.506800     0.494185     0.266075       2
1207069227      1.05950          NaN          NaN     -99
1207077351     0.473000      4.18980     0.491828       2
1207078239     0.815700          NaN          NaN     -99
1207087086     0.867200      27.0564      22.3098       2
1207090158      1.05650          NaN          NaN     -99
1207092373     0.472800          NaN          NaN     -99
1207093141      1.05800          NaN          NaN     -99
1207094264     0.716800          NaN          NaN     -99
1207094345     0.471500      6.92017      1.15047       2
1207098252     0.718500      6.24106      5.18993       2
1207099099     0.465000    0.0196516    0.0127560       2
1207101266      1.28960          NaN          NaN     -99
1207103093     0.306400    0.0174852   0.00284072       0
1207105205     0.339200    0.0686463   0.00318596       0
1207105348     0.472200     0.827730     0.396646       2
1207111193     0.718400     0.191348     0.101182       2
1207122345     0.471000     0.208612     0.115097       2
1207128248     0.320900      2.51923    0.0710180       0
1207136308     0.322700    0.0146697   0.00323023       0
1207138052     0.625300      7.52682     0.952463       2
1207148368     0.465700    0.0162357    0.0231822       2
1207149339     0.472200      1.33420     0.273220       2
1207159209     0.844600     0.473923     0.272031       2
1207161166      1.05170          NaN          NaN     -99
1207166144     0.333400    0.0146295   0.00129957       0
1207167256     0.717300    0.0893179    0.0540589       2
1207173092     0.770000     0.211077     0.142576       2
1207181305     0.320800     0.860448    0.0299513       0
1207182177      1.06250          NaN          NaN     -99
1207185042     0.227200    0.0452150   0.00176496       1
1207188178      1.48840          NaN          NaN     -99
1207189163     0.494600      54.3989      55.2269       2
1207190188     0.690300      2.73528     0.413539       2
1207197197     0.320500      5.96689     0.211123       0
1207203215     0.495000    0.0191620    0.0190464       2
1207208145     0.940000          NaN          NaN     -99
1207215177      1.06050          NaN          NaN     -99
1207217246     0.717300     0.189656    0.0633447       2
1207227102      1.24700          NaN          NaN     -99
1207244335      1.48630          NaN          NaN     -99
1207246272     0.944700          NaN          NaN     -99
1207247139     0.767700    0.0511295    0.0373433       2
1207249231      1.48520          NaN          NaN     -99
1207250329      1.48930          NaN          NaN     -99
1207250337      1.48740          NaN          NaN     -99
1207252190     0.233800     0.125648   0.00516521       0
1207261078     0.324200          NaN          NaN     -99
1207266112     0.717400    0.0437964    0.0369509       2
1207272186      1.05800          NaN          NaN     -99
1207275080     0.766400      4.96185      3.72824       2
1207305033     0.696900    0.0789655    0.0879616       2
1207316281     0.306300   0.00700043   0.00174633       0
1207317240      1.48500          NaN          NaN     -99
1207329231     0.464200          NaN          NaN     -99
1207335140     0.784600          NaN          NaN     -99
1208048166     0.711500      9.38911      4.38361       2
1208066111     0.767400    0.0385915    0.0551591       2
1208072218     0.711400      2.17184      2.38323       2
1208088327     0.845800     0.266857     0.121809       2
1208089048     0.252800          NaN          NaN     -99
1208101254      1.16580          NaN          NaN     -99
1208107148     0.712200          NaN          NaN     -99
1208108314     0.299500   0.00371844  0.000926265       0
1208109039     0.372300      3.16752    0.0420308       0
1208114322     0.712200     0.256079     0.110910       2
1208122151      1.28540          NaN          NaN     -99
1208124141     0.798600    0.0743934    0.0927587       2
1208129222     0.837500      1.00031     0.177690       2
1208132189     0.711600          NaN          NaN     -99
1208133169     0.798000      10.1895      2.87888       2
1208135139     0.713000     0.219214     0.350243       2
1208142253     0.710600          NaN          NaN     -99
1208144265     0.701800          NaN          NaN     -99
1208145154      1.37740          NaN          NaN     -99
1208149191     0.440000      1.14227     0.123925       2
1208151070     0.370600     0.186708   0.00950843       0
1208154213     0.439900    0.0892334    0.0421741       2
1208155156      1.41770          NaN          NaN     -99
1208162059     0.683400      2.27107     0.519760       2
1208167141     0.372300    0.0113316   0.00179011       0
1208168301     0.870000          NaN          NaN     -99
1208182221     0.710200      1.37875      1.48937       2
1208186206     0.734500    0.0948762     0.129677       2
1208188333     0.931700          NaN          NaN     -99
1208194075     0.782400      1.28197     0.261505       2
1208197197     0.300000          NaN          NaN     -99
1208201071     0.714000    0.0234038    0.0256529       2
1208217088      1.34340          NaN          NaN     -99
1208219075      1.34200          NaN          NaN     -99
1208227176      1.37870          NaN          NaN     -99
1208240110      1.07730          NaN          NaN     -99
1208247176     0.588300    0.0504226    0.0472083       2
1208247248     0.351200    0.0106062   0.00420739       0
1208250249     0.351200    0.0172055   0.00264782       0
1208253146      1.32260          NaN          NaN     -99
1208271272      1.33720          NaN          NaN     -99
1208272148      1.24660          NaN          NaN     -99
1208274126      1.20000          NaN          NaN     -99
1208292293      1.37400          NaN          NaN     -99
1208293317     0.601600     0.447879     0.133459       2
1208298046     0.931400          NaN          NaN     -99
1208301141     0.714300    0.0487309    0.0345701       2
1208313107     0.931900          NaN          NaN     -99
1208313198     0.845700      1.14471     0.732708       2
1208327123     0.721500     0.598799     0.149627       2
1208328064     0.373900    0.0247166   0.00438439       0
1208339101     0.446600     0.189031     0.170838       2
1208350252      1.37240          NaN          NaN     -99
1208366099     0.714700          NaN          NaN     -99
1209046249     0.444300          NaN          NaN     -99
1209059255     0.453400          NaN          NaN     -99
1209066226      1.26940          NaN          NaN     -99
1209076094     0.700900          NaN          NaN     -99
1209089186     0.444700    0.0134217   0.00995568       2
1209091120      1.26950          NaN          NaN     -99
1209091164      1.18020          NaN          NaN     -99
1209094244      1.13870          NaN          NaN     -99
1209112213      1.16580          NaN          NaN     -99
1209119126     0.409100     0.107497   0.00634002       0
1209131247     0.295400      2.85206     0.131982       0
1209134192     0.845300     0.112915    0.0877549       2
1209135220     0.294900          NaN          NaN     -99
1209137098      1.11860          NaN          NaN     -99
1209152319     0.570100     0.891245     0.153178       2
1209168317      1.44600          NaN          NaN     -99
1209181256     0.738500     0.242777    0.0971184       2
1209181319     0.402000          NaN          NaN     -99
1209185171      1.43390          NaN          NaN     -99
1209189246     0.294800    0.0287144   0.00159718       0
1209190232     0.433200      2.75123     0.457499       2
1209197197     0.295400      4.14242     0.157470       0
1209198056     0.533100     0.240445    0.0439697       2
1209205332      1.44490          NaN          NaN     -99
1209206324     0.570200      11.9128      2.51114       2
1209208320     0.570100     0.108015    0.0632172       2
1209224262     0.443900    0.0780604    0.0172813       2
1209224342     0.570000      1.10131     0.582619       2
1209231330     0.570800     0.362965    0.0770149       2
1209233287     0.440100    0.0208533    0.0161004       2
1209233297      1.02340          NaN          NaN     -99
1209246250     0.723100     0.642956     0.367952       2
1209247234     0.325700    0.0375176   0.00327573       0
1209252225     0.539700    0.0495503    0.0254031       2
1209257187     0.296000     0.338167    0.0350998       0
1209275341     0.657100      6.10521     0.910494       2
1209279340     0.656500    0.0883913     0.131510       2
1209284084     0.575700      1.37926      1.04901       2
1209287067     0.753800          NaN          NaN     -99
1209287238     0.444400          NaN          NaN     -99
1209295219     0.228800     0.279545   0.00774031       0
1209298121      1.18050          NaN          NaN     -99
1209327148     0.452700          NaN          NaN     -99
1209328270     0.259400     0.111959   0.00270662       0
1209346184      1.30360          NaN          NaN     -99
1501032099     0.608700          NaN          NaN     -99
1501041263      1.09070          NaN          NaN     -99
1501048099     0.310800          NaN          NaN     -99
1501083058     0.608100     0.483548     0.217964       2
1501083071     0.607400      1.53211     0.258661       2
1501087220      1.30620          NaN          NaN     -99
1501089163      1.06710          NaN          NaN     -99
1501095297     0.609400          NaN          NaN     -99
1501101303     0.310900          NaN          NaN     -99
1501110153      1.23970          NaN          NaN     -99
1501115209     0.307500          NaN          NaN     -99
1501119259     0.832900      6.65925      1.76319       2
1501130304     0.798200     0.370005     0.137156       2
1501135126     0.306400          NaN          NaN     -99
1501150218     0.307900          NaN          NaN     -99
1501164040     0.236700     0.969284    0.0118743       0
1501176107     0.308600          NaN          NaN     -99
1501178229     0.306200    0.0652110    0.0106745       0
1501180123     0.309900          NaN          NaN     -99
1501180291     0.827000     0.212666     0.256214       2
1501185077     0.511100    0.0239445    0.0134628       2
1501187150     0.740900          NaN          NaN     -99
1501196198     0.309200          NaN          NaN     -99
1501214133     0.510600      1.57315     0.169894       2
1501216130     0.510700    0.0343626    0.0352827       2
1501219148     0.274000    0.0135465   0.00147112       0
1501224275     0.311000          NaN          NaN     -99
1501259290     0.307800          NaN          NaN     -99
1501276169     0.306800          NaN          NaN     -99
1501282068     0.177200    0.0362818   0.00126402       0
1501299210     0.306800          NaN          NaN     -99
1501321189     0.740800     0.530394     0.393731       2
1501322284      1.11890          NaN          NaN     -99
1501323082     0.310000          NaN          NaN     -99
1501329201     0.272300     0.112264   0.00337171       0
1501337240     0.730100     0.404485     0.318065       2
1501339278     0.309600          NaN          NaN     -99
1502033076     0.922200          NaN          NaN     -99
1502048086      1.28840          NaN          NaN     -99
1502051187     0.294500     0.144756    0.0204092       0
1502062294     0.448200      3.85862      2.82964       2
1502071104     0.371000      1.52132    0.0333969       0
1502079084     0.340500     0.703893    0.0116235       0
1502080061     0.873400      226.127      147.027       2
1502080140     0.150100     0.324321   0.00372415       0
1502096361     0.555900      1.09347     0.232231       2
1502101342     0.555500     0.710496     0.308240       2
1502113072     0.646500     0.369754     0.265452       2
1502121220     0.295700          NaN          NaN     -99
1502131056     0.739500          NaN          NaN     -99
1502151195     0.615300      5.00748      1.60671       2
1502153326     0.615700      2.20554     0.897748       2
1502156074     0.467000          NaN          NaN     -99
1502197197     0.296100     0.115140    0.0294583       1
1502208255     0.295300    0.0788576   0.00690762       0
1502224142     0.615600      8.20109      3.08480       2
1502225063     0.370600     0.867028    0.0621778       0
1502233343     0.181500    0.0264449   0.00136031       0
1502258107     0.296400          NaN          NaN     -99
1502263063     0.803400     0.569739     0.360355       2
1502268200     0.615000          NaN          NaN     -99
1502272298      1.29200          NaN          NaN     -99
1502275236     0.316100     0.648880   0.00625901       0
1502277280     0.295300          NaN          NaN     -99
1502284313     0.826400     0.286560     0.187116       2
1502293058     0.284000     0.104748   0.00383393       0
1502295121      1.29000          NaN          NaN     -99
1502310233     0.873000      1.18183     0.552402       2
1502312068      1.18070          NaN          NaN     -99
1502316100     0.615500          NaN          NaN     -99
1502326146     0.283700    0.0576543   0.00478556       0
1503031132     0.125200    0.0226411   0.00139628       0
1503078307     0.858900     0.849040     0.431936       2
1503085308     0.381700      2.88075     0.119649       0
1503098320     0.279600   0.00867836   0.00181236       0
1503108306     0.185300    0.0758157   0.00142541       0
1503115072     0.137100          NaN          NaN     -99
1503120240     0.701900     0.133234    0.0520802       2
1503127293     0.570900          NaN          NaN     -99
1503133156      1.31430          NaN          NaN     -99
1503169119     0.140500          NaN          NaN     -99
1503169251     0.336300    0.0520090    0.0165279       0
1503180339     0.918100          NaN          NaN     -99
1503185203     0.288400          NaN          NaN     -99
1503197197     0.287500          NaN          NaN     -99
1503200099      1.13550          NaN          NaN     -99
1503208112     0.701800      10.1204      5.92609       2
1503208231     0.288700      2.47450    0.0609438       0
1503215177     0.892900    0.0586906    0.0836750       2
1503215238     0.289200   0.00914676   0.00265696       0
1503220305     0.287800          NaN          NaN     -99
1503237175     0.832000      5.24566      2.41539       2
1503239058     0.712500      4.90542      1.00688       2
1503266235      1.34010          NaN          NaN     -99
1503273048     0.136300    0.0100762  0.000967697       0
1503279150     0.289200    0.0360645   0.00259019       0
1503282074     0.134700    0.0146674   0.00168457       0
1503291252     0.832600      5.12415      4.91236       2
1503295133     0.167800    0.0384390   0.00151965       0
1503316290     0.383200     0.431063   0.00933134       0
1503321145     0.135400     0.237060   0.00229012       0
1503338221     0.611500          NaN          NaN     -99
1503345187     0.382600    0.0419565   0.00582137       0
1503349058     0.646200     0.200084     0.255790       2
1505030111     0.154400     0.156833   0.00351188       0
1505046213     0.557600      17.0741      12.0523       2
1505081324     0.792000     0.180918     0.143284       2
1505095277     0.614300      1.00854     0.192504       2
1505121071      1.24560          NaN          NaN     -99
1505128351     0.746100     0.321610     0.250311       2
1505136036     0.315900     0.562878    0.0266786       0
1505157146     0.142900          NaN          NaN     -99
1505176243     0.317400          NaN          NaN     -99
1505187300      1.38520          NaN          NaN     -99
1505188352     0.792400          NaN          NaN     -99
1505192114     0.557600      2.80220      2.40438       2
1505197196     0.316900          NaN          NaN     -99
1505199258     0.856500     0.149251    0.0570169       2
1505203297     0.793200     0.327187     0.213162       2
1505209170      1.14980          NaN          NaN     -99
1505209340     0.803900      6.55311      2.47637       2
1505214079     0.787600      7.05145      7.53258       2
1505218300     0.713500     0.110952    0.0697027       2
1505219169     0.956600          NaN          NaN     -99
1505230063     0.786900     0.103499    0.0763059       2
1505237270      1.38360          NaN          NaN     -99
1505244331     0.832700     0.659831     0.516578       2
1505245192     0.318600          NaN          NaN     -99
1505271308     0.126300     0.406048   0.00329993       0
1505292268     0.736500          NaN          NaN     -99
1505293206     0.794200     0.295110     0.303719       2
1505298107     0.785800      2.12671      2.22960       2
1505306247      1.01920          NaN          NaN     -99
1505311137     0.186400          NaN          NaN     -99
1505315238     0.602700    0.0314275    0.0405229       2
1505317089     0.113200    0.0183365  0.000665236       0
1505317278      1.36190          NaN          NaN     -99
1505324228     0.282300    0.0340096   0.00234089       0
1505325291     0.216400          NaN          NaN     -99
1505328263     0.615000      13.4036      1.06928       2
1505334274     0.677100    0.0370332    0.0387096       2
1505349246     0.615200          NaN          NaN     -99
1505352206     0.267800     0.249646   0.00820764       0
1505360141      1.01360          NaN          NaN     -99
1506062229     0.808200          NaN          NaN     -99
1506064221     0.896700      1.02931     0.382622       2
1506068356     0.295800          NaN          NaN     -99
1506071192     0.784000          NaN          NaN     -99
1506082320     0.293900      1.04228    0.0125137       0
1506083298     0.363000     0.113899   0.00954548       0
1506086264     0.362000    0.0477150   0.00508864       0
1506106169     0.294500     0.794248    0.0167791       0
1506106326     0.294900          NaN          NaN     -99
1506111077     0.294200    0.0677276   0.00402450       0
1506114164     0.644100          NaN          NaN     -99
1506117050     0.328200     0.159539   0.00763782       0
1506152130      1.45260          NaN          NaN     -99
1506160230     0.298100    0.0197160   0.00188685       0
1506180234     0.582000          NaN          NaN     -99
1506183218     0.582500     0.513453     0.184048       2
1506186182     0.854100      11.4486      4.91848       2
1506191210      1.38900          NaN          NaN     -99
1506192126      1.38140          NaN          NaN     -99
1506200244     0.325100    0.0135234   0.00221984       0
1506211197     0.296300          NaN          NaN     -99
1506221204     0.296700          NaN          NaN     -99
1506234316      1.03230          NaN          NaN     -99
1506242128     0.476900    0.0125330    0.0122748       2
1506263063      1.43040          NaN          NaN     -99
1506266330     0.728500     0.399403     0.211349       2
1506274152     0.542100          NaN          NaN     -99
1506279269     0.296600      3.02747    0.0667532       0
1506295058      1.12120          NaN          NaN     -99
1506299100     0.576900    0.0968752    0.0485246       2
1506302119      1.28700          NaN          NaN     -99
1506303028     0.268500    0.0424083   0.00421080       0
1506314162      1.01230          NaN          NaN     -99
1506324141      1.14170          NaN          NaN     -99
1506324223     0.432600     0.264359    0.0776188       2
1506325220     0.295800     0.433027    0.0287075       1
1506331125     0.843300      6.68132      2.06706       2
1506355324     0.676500     0.501533     0.174059       3
1507053064     0.655400          NaN          NaN     -99
1507064079     0.593500      8.35332      7.03756       2
1507067155      1.15750          NaN          NaN     -99
1507071351     0.557000          NaN          NaN     -99
1507074187     0.648100     0.506866     0.182008       2
1507074277     0.901000          NaN          NaN     -99
1507079211     0.783100     0.809728     0.192966       2
1507080085     0.782400      3.24126      1.09303       2
1507084083     0.258100      2.52193    0.0196845       0
1507086276     0.900900      5.47651     0.536392       2
1507089365     0.554800          NaN          NaN     -99
1507102128     0.864400     0.863069     0.276864       2
1507103239     0.314800     0.294538   0.00812489       0
1507112242     0.901800      1.10882     0.586928       2
1507113044     0.403900    0.0192196   0.00149655       0
1507114152     0.782800          NaN          NaN     -99
1507121027     0.900400      26.3485      17.1951       2
1507124318     0.556100    0.0833978    0.0458505       2
1507125199     0.858900     0.736562     0.637519       2
1507128041     0.899600      5.07722      3.75173       2
1507130356     0.554900     0.310075     0.153270       2
1507148204      1.16230          NaN          NaN     -99
1507149063     0.540900      1.88082      1.40136       2
1507150106     0.316500     0.751534    0.0234460       0
1507159102     0.714700      1.27646     0.180851       2
1507164260      1.25020          NaN          NaN     -99
1507170063     0.901200      2.04247     0.509272       2
1507173242      1.30780          NaN          NaN     -99
1507189322     0.899100          NaN          NaN     -99
1507190180     0.257700     0.163410   0.00879213       0
1507194106     0.541400      3.88265      1.27518       2
1507196198     0.314300          NaN          NaN     -99
1507208130     0.256000    0.0128482   0.00231387       0
1507209150     0.857500          NaN          NaN     -99
1507211057     0.315200      1.34392    0.0174131       0
1507211324     0.647900    0.0359637    0.0268482       2
1507216042      1.10880          NaN          NaN     -99
1507218200     0.133000    0.0210954   0.00174932       0
1507222259     0.685700          NaN          NaN     -99
1507227272      1.01800          NaN          NaN     -99
1507230223      1.23730          NaN          NaN     -99
1507232349     0.314600     0.371001    0.0261793       0
1507234095     0.696700      3.07612      1.94403       2
1507252203     0.394300     0.127394   0.00435934       0
1507252327      1.02000          NaN          NaN     -99
1507255056     0.328600    0.0179698   0.00166565       0
1507273215     0.858400      2.46044     0.875863       2
1507284068     0.540400     0.592962     0.125737       2
1507288250     0.858100      1.59808      1.68208       2
1507296209     0.858300      1.08956     0.917644       2
1507336071     0.858700      2.32702      1.57806       2
1507337293     0.685800      9.31594      4.17360       3
1507339069     0.858500     0.474631     0.209276       2
1507352090      1.48910          NaN          NaN     -99
1507358259     0.945700          NaN          NaN     -99
1507360114      1.19690          NaN          NaN     -99
1507363281     0.706100     0.127086     0.131489       2
1507373106     0.513500          NaN          NaN     -99
1508031079     0.435600      1.54879      1.27311       2
1508034063     0.737600          NaN          NaN     -99
1508060139     0.613900      1.23505     0.866770       2
1508061124      1.22820          NaN          NaN     -99
1508062302     0.452600     0.757351     0.194085       2
1508071130     0.613900          NaN          NaN     -99
1508075186     0.614300      1.69725     0.538603       2
1508076301     0.737300    0.0363613    0.0331993       2
1508078195     0.615100          NaN          NaN     -99
1508079341     0.738800          NaN          NaN     -99
1508091135     0.642800     0.167049     0.109276       2
1508102213     0.864500    0.0818856    0.0716501       2
1508102243     0.736300    0.0627621    0.0341775       2
1508107050      1.22760          NaN          NaN     -99
1508110224     0.736500          NaN          NaN     -99
1508112275     0.739900     0.398153     0.160808       2
1508117072      1.13050          NaN          NaN     -99
1508119172      1.12870          NaN          NaN     -99
1508120044     0.993900          NaN          NaN     -99
1508128139     0.737800     0.188633     0.160936       2
1508128274      1.02140          NaN          NaN     -99
1508128291     0.510600      1.04244     0.354761       2
1508133100     0.736600      3.11960     0.898453       2
1508152162     0.315900     0.340608    0.0236986       0
1508164049      1.05350          NaN          NaN     -99
1508178184     0.382100          NaN          NaN     -99
1508191272     0.300800    0.0212440   0.00268042       0
1508193338      1.22930          NaN          NaN     -99
1508197198     0.315700      2.99243     0.163458       0
1508204151     0.314800          NaN          NaN     -99
1508205332     0.300400    0.0152008   0.00316770       0
1508206080     0.735400          NaN          NaN     -99
1508217178     0.508300    0.0957548    0.0333874       2
1508217276     0.300700      1.31294    0.0170627       0
1508224213     0.300600   0.00817751   0.00109260       0
1508224348     0.952200          NaN          NaN     -99
1508232260     0.301100    0.0336234   0.00219411       0
1508249241     0.738300      1.51312     0.454210       2
1508255064     0.916400          NaN          NaN     -99
1508262349     0.300800    0.0452813   0.00293626       0
1508265271     0.865700     0.185513     0.153487       2
1508266098     0.737900          NaN          NaN     -99
1508267165     0.783400     0.227250     0.178242       2
1508268289     0.685800      14.0589      13.6709       2
1508270150      1.02210          NaN          NaN     -99
1508279312     0.669900     0.646525     0.158191       2
1508283263     0.804700     0.620033     0.154434       2
1508292243     0.685500          NaN          NaN     -99
1508296268     0.685500    0.0249552    0.0293130       2
1508298368     0.784200      7.17700      6.09850       2
1508304309     0.300600    0.0550910   0.00410140       0
1508314322     0.251000    0.0138359   0.00117228       0
1508321190     0.743300     0.803008     0.129558       2
1508323300     0.527200     0.460561     0.115840       2
1508330342     0.525800      1.97193     0.656542       2
1508336146     0.329900     0.154911   0.00502511       0
1508339298     0.527200          NaN          NaN     -99
1508354207     0.685500          NaN          NaN     -99
1511039234     0.441100     0.772962     0.224946       2
1511041294     0.441000          NaN          NaN     -99
1511051140     0.834000          NaN          NaN     -99
1511053260     0.248100    0.0124035   0.00282425       0
1511072268      1.26360          NaN          NaN     -99
1511073107     0.759300      4.46015      4.31937       2
1511081357      1.22200          NaN          NaN     -99
1511086190     0.885100          NaN          NaN     -99
1511088066     0.152500    0.0342474   0.00174261       0
1511092259      1.23430          NaN          NaN     -99
1511094298      1.01010          NaN          NaN     -99
1511104226      1.26700          NaN          NaN     -99
1511110068     0.311700    0.0387120   0.00328779       0
1511113061      1.22010          NaN          NaN     -99
1511119186     0.531000    0.0368472    0.0472829       2
1511135190     0.711100          NaN          NaN     -99
1511135271      1.26390          NaN          NaN     -99
1511135332     0.366300    0.0220805   0.00214570       0
1511136123      1.13180          NaN          NaN     -99
1511142073     0.706600     0.796038     0.178138       2
1511142202      1.19500          NaN          NaN     -99
1511149285      1.26380          NaN          NaN     -99
1511160132      1.12540          NaN          NaN     -99
1511160258     0.294900      1.86124    0.0730016       0
1511161333      1.19430          NaN          NaN     -99
1511171208     0.914500          NaN          NaN     -99
1511174279     0.737600      5.71726      1.67945       2
1511177343      1.19330          NaN          NaN     -99
1511181134      1.12500          NaN          NaN     -99
1511189171      1.26700          NaN          NaN     -99
1511197198     0.293300     0.157065    0.0299703       1
1511199337      1.19250          NaN          NaN     -99
1511203107      1.12950          NaN          NaN     -99
1511210135      1.21710          NaN          NaN     -99
1511211175     0.710700    0.0935501    0.0515126       2
1511222143     0.489100    0.0955494    0.0613632       2
1511240287      1.39510          NaN          NaN     -99
1511241101     0.292300          NaN          NaN     -99
1511243209      1.19260          NaN          NaN     -99
1511248320     0.913800          NaN          NaN     -99
1511252366     0.909900          NaN          NaN     -99
1511255205      1.21680          NaN          NaN     -99
1511259289      1.12950          NaN          NaN     -99
1511271239     0.737100      2.38765     0.405945       2
1511277174      1.21730          NaN          NaN     -99
1511280116     0.912900      4.02755     0.617933       2
1511283231     0.294300      5.82567     0.224274       0
1511288036     0.650100     0.410003     0.178808       2
1511293319      1.21820          NaN          NaN     -99
1511294205      1.36410          NaN          NaN     -99
1511301235      1.19340          NaN          NaN     -99
1511303317      1.21540          NaN          NaN     -99
1511311265     0.467600    0.0128494    0.0167281       2
1511314331      1.12530          NaN          NaN     -99
1511318223     0.285400    0.0282703   0.00108012       0
1511319371     0.913100      2.04353      1.39001       2
1511321367     0.913500          NaN          NaN     -99
1511343305      1.21700          NaN          NaN     -99
1522041071     0.570200     0.109839     0.114714       2
1522044146     0.201400    0.0128274   0.00121623       1
1522047338      1.08370          NaN          NaN     -99
1522062338     0.740200      2.00300      1.10020       2
1522070271     0.459100          NaN          NaN     -99
1522088157     0.574200          NaN          NaN     -99
1522094062     0.382200     0.169976   0.00785588       0
1522117186     0.723900          NaN          NaN     -99
1522120233     0.490800      1.68071     0.478691       2
1522123263     0.490600     0.899560     0.361632       2
1522132085     0.286600    0.0598548   0.00220049       0
1522139172     0.724200      15.0957      3.48988       2
1522159057     0.972900          NaN          NaN     -99
1522166152      1.46010          NaN          NaN     -99
1522179133     0.753000     0.263700     0.220052       2
1522182176     0.812900      3.08141      2.27052       2
1522197197     0.292800          NaN          NaN     -99
1522199291     0.623800          NaN          NaN     -99
1522204200     0.293000          NaN          NaN     -99
1522219201     0.625400          NaN          NaN     -99
1522228067     0.483900     0.171463    0.0868446       2
1522229084     0.352600    0.0314532   0.00299850       0
1522229206     0.292600          NaN          NaN     -99
1522231213     0.293400          NaN          NaN     -99
1522250095     0.692500     0.222056    0.0700645       2
1522256079     0.245800   0.00170642  0.000343989       0
1522265217     0.912600          NaN          NaN     -99
1522276064     0.570800    0.0194045    0.0268430       2
1522279128     0.789000     0.124843    0.0532619       2
1522279243     0.452000          NaN          NaN     -99
1522285214     0.912600          NaN          NaN     -99
1522292283     0.616300     0.460427     0.261437       2
1522301130     0.615700          NaN          NaN     -99
1522303215     0.614700     0.248868     0.207128       2
1522305356     0.884500     0.641333     0.348576       2
1522309309     0.634800     0.625666     0.390334       2
1522317131     0.670200      1.61957     0.285143       2
1522367114     0.293100          NaN          NaN     -99
1523026317     0.889400      11.6161      6.90695       2
1523035319     0.210000     0.519742    0.0115439       1
1523052097     0.612400     0.263330     0.159925       2
1523096070      1.13970          NaN          NaN     -99
1523112211     0.994200          NaN          NaN     -99
1523118320     0.476800      1.20650    0.0910433       2
1523124082      1.31970          NaN          NaN     -99
1523135170     0.319900      1.70271    0.0191731       0
1523140218     0.357300     0.231730    0.0113885       0
1523141299     0.477100      3.73759     0.290749       2
1523164082     0.389300     0.292830   0.00622108       0
1523165310     0.253500   0.00522437  0.000610655       0
1523172125     0.327000          NaN          NaN     -99
1523176125     0.327300   0.00847266   0.00286448       0
1523177305      1.38850          NaN          NaN     -99
1523181136     0.327000    0.0608295    0.0128425       0
1523181179     0.476500    0.0620435    0.0371957       2
1523186308     0.551900     0.567979     0.124662       2
1523190247     0.627500     0.396811     0.184072       2
1523193235     0.790600          NaN          NaN     -99
1523197197     0.280700          NaN          NaN     -99
1523208089     0.327300    0.0305829   0.00201516       0
1523223100     0.765400      2.64976     0.570215       2
1523226159     0.280900          NaN          NaN     -99
1523229059     0.945700          NaN          NaN     -99
1523230231     0.825400          NaN          NaN     -99
1523232310      1.18770          NaN          NaN     -99
1523239114      1.05960          NaN          NaN     -99
1523239115      1.05950          NaN          NaN     -99
1523247243     0.800800     0.747913     0.288503       2
1523258194     0.587100          NaN          NaN     -99
1523259059     0.322800    0.0857469   0.00520760       0
1523261283     0.947300          NaN          NaN     -99
1523280191     0.947700          NaN          NaN     -99
1523296237     0.641700     0.244839    0.0696853       2
1523299101      1.35690          NaN          NaN     -99
1523303325     0.675200     0.203111    0.0731606       2
1523303328     0.628300     0.394409     0.527561       2
1523305233      1.05000          NaN          NaN     -99
1523307101      1.11400          NaN          NaN     -99
1523307191     0.476900      1.96091     0.406691       2
1523307286     0.587200      6.99519     0.856165       2
1523311092      1.35760          NaN          NaN     -99
1523317071      1.14600          NaN          NaN     -99
1523323117      1.35560          NaN          NaN     -99
1523323355     0.603800          NaN          NaN     -99
1523342042     0.776100          NaN          NaN     -99
1523356312     0.281800    0.0217409   0.00413404       0
1525033086     0.375700          NaN          NaN     -99
1525039113     0.319500          NaN          NaN     -99
1525058351     0.633800      1.98484      1.94636       2
1525066177      1.19480          NaN          NaN     -99
1525067346     0.633300      1.52050     0.351375       2
1525069340     0.252600   0.00725432  0.000713843       0
1525074187     0.555400      1.02188     0.356501       2
1525088335     0.965700          NaN          NaN     -99
1525090066     0.450700          NaN          NaN     -99
1525097275      1.46500          NaN          NaN     -99
1525101202      1.15770          NaN          NaN     -99
1525107182     0.963900          NaN          NaN     -99
1525116060     0.981400          NaN          NaN     -99
1525116276     0.941500          NaN          NaN     -99
1525125076     0.981800          NaN          NaN     -99
1525136193     0.805400          NaN          NaN     -99
1525147158     0.645100          NaN          NaN     -99
1525147258     0.540300     0.489961     0.117208       2
1525154246     0.788600          NaN          NaN     -99
1525154309     0.404700     0.242783    0.0273063       0
1525155269      1.03350          NaN          NaN     -99
1525162132     0.557800          NaN          NaN     -99
1525170222     0.319900          NaN          NaN     -99
1525171106     0.559100          NaN          NaN     -99
1525183235     0.557400      1.14117     0.281028       2
1525184275      1.03380          NaN          NaN     -99
1525195330      1.03250          NaN          NaN     -99
1525196197     0.317800          NaN          NaN     -99
1525205234     0.802400     0.273888     0.260153       2
1525207229     0.802900          NaN          NaN     -99
1525215184      1.38990          NaN          NaN     -99
1525219221     0.719300    0.0402483    0.0510543       2
1525230188     0.948200          NaN          NaN     -99
1525231151     0.997700          NaN          NaN     -99
1525231324     0.320300          NaN          NaN     -99
1525236176      1.03230          NaN          NaN     -99
1525244140     0.997500          NaN          NaN     -99
1525246251     0.319000          NaN          NaN     -99
1525256133     0.981000          NaN          NaN     -99
1525259325     0.459000     0.957522     0.342536       2
1525266158     0.320100          NaN          NaN     -99
1525279187      1.35280          NaN          NaN     -99
1525292138     0.980400          NaN          NaN     -99
1525296073      1.02640          NaN          NaN     -99
1525297100      1.32430          NaN          NaN     -99
1525297274     0.283400    0.0380939   0.00401510       0
1525305175      1.26320          NaN          NaN     -99
1525308188     0.787800      3.47401      1.09754       2
1525323244     0.559100     0.223046     0.100027       2
1525333203     0.322000     0.130629   0.00734668       0
1525334267     0.947600          NaN          NaN     -99
1525335273     0.948600          NaN          NaN     -99
1525336192     0.322600          NaN          NaN     -99
1525349323     0.318300          NaN          NaN     -99
1527043256     0.979000          NaN          NaN     -99
1527044114      1.49860          NaN          NaN     -99
1527067139     0.226200      2.38006    0.0247524       1
1527104073     0.856100      8.04142      8.12696       2
1527120113      1.42930          NaN          NaN     -99
1527139141      1.42890          NaN          NaN     -99
1527141101     0.858100     0.869725     0.291434       2
1527143144      1.42830          NaN          NaN     -99
1527145121     0.959700          NaN          NaN     -99
1527156125     0.345600     0.236947   0.00959657       0
1527160239      1.29800          NaN          NaN     -99
1527168144     0.556000          NaN          NaN     -99
1527172350     0.995700          NaN          NaN     -99
1527173209     0.288400      1.43770    0.0290564       0
1527176353      1.07720          NaN          NaN     -99
1527179292      1.27510          NaN          NaN     -99
1527180260     0.978400          NaN          NaN     -99
1527187261      1.29890          NaN          NaN     -99
1527196197     0.289900    0.0819532    0.0149589       1
1527197047      1.27540          NaN          NaN     -99
1527210296     0.977100          NaN          NaN     -99
1527212146      1.06560          NaN          NaN     -99
1527212148     0.857300          NaN          NaN     -99
1527220323     0.556600          NaN          NaN     -99
1527223059     0.257600    0.0395102   0.00942006       0
1527227256      1.29550          NaN          NaN     -99
1527227262      1.29520          NaN          NaN     -99
1527231317      1.16380          NaN          NaN     -99
1527239339     0.559000          NaN          NaN     -99
1527240351      1.18920          NaN          NaN     -99
1527242199     0.597400     0.182217    0.0478911       2
1527247176     0.554700          NaN          NaN     -99
1527249073     0.890800     0.309445     0.226304       2
1527252081     0.892600      43.2012      40.9435       2
1527259114     0.854800     0.384263     0.446397       2
1527259211     0.539700    0.0440304    0.0665637       2
1527264348     0.978000          NaN          NaN     -99
1527268237     0.559600          NaN          NaN     -99
1527299222     0.452300          NaN          NaN     -99
1527308348      1.07660          NaN          NaN     -99
1527311300     0.825200          NaN          NaN     -99
1527313270     0.826500      4.99914      5.99910       2
1527315263      1.29620          NaN          NaN     -99
1527315362     0.553500          NaN          NaN     -99
1527323345     0.972100          NaN          NaN     -99
1527324331     0.972300          NaN          NaN     -99
1527325300      1.37640          NaN          NaN     -99
1527341190     0.762900      1.57708     0.537543       2
1527344074     0.156900    0.0316332   0.00217909       0
1527344181     0.859100          NaN          NaN     -99
1527347278     0.402100    0.0551270   0.00488389       0
1527357168     0.289300    0.0386122   0.00924064       0
1528032069     0.581900      3.34000      1.40196       2
1528032275     0.730800      17.2394      18.6554       2
1528042178      1.26200          NaN          NaN     -99
1528054155     0.582200    0.0914321    0.0565100       2
1528064140     0.818600    0.0615868    0.0466318       2
1528078359     0.132500          NaN          NaN     -99
1528079281     0.321900    0.0121600   0.00149811       0
1528093302      1.11840          NaN          NaN     -99
1528097280      1.11750          NaN          NaN     -99
1528097293     0.782300     0.348643     0.290106       2
1528111155     0.323600          NaN          NaN     -99
1528112064      1.20120          NaN          NaN     -99
1528114311      1.11610          NaN          NaN     -99
1528125332     0.523000          NaN          NaN     -99
1528130235     0.730100     0.866479     0.129251       2
1528159222     0.627700     0.150799    0.0894609       2
1528169231     0.627900          NaN          NaN     -99
1528180051      1.45200          NaN          NaN     -99
1528180143     0.448700    0.0373317    0.0158584       2
1528182064     0.215900    0.0781353   0.00707126       1
1528197197     0.321900      9.53248     0.241236       0
1528198277     0.688400     0.372330     0.218792       2
1528204185     0.321600    0.0103829   0.00360313       0
1528206130     0.325600     0.128263    0.0285679       0
1528215243     0.546600     0.115496    0.0624217       2
1528215252      1.03700          NaN          NaN     -99
1528220154     0.321300    0.0295866   0.00299383       0
1528230133      1.46990          NaN          NaN     -99
1528234248     0.626600    0.0964404    0.0887752       2
1528249228     0.730100      1.95017     0.316303       2
1528251052     0.676700          NaN          NaN     -99
1528251306     0.546800     0.469053     0.199920       2
1528256255      1.20530          NaN          NaN     -99
1528261199     0.103400          NaN          NaN     -99
1528266350     0.546800     0.310172    0.0942719       2
1528268168     0.516500          NaN          NaN     -99
1528274153     0.935900          NaN          NaN     -99
1528275314     0.397100    0.0730715   0.00217389       0
1528289352     0.843900      1.45054     0.500721       2
1528294238     0.458300          NaN          NaN     -99
1528296205     0.783100          NaN          NaN     -99
1528300063     0.132600    0.0105682   0.00112087       0
1528310241     0.321300     0.267604    0.0114547       0
1528317355     0.878500      1.43704     0.451537       2
1528318290     0.567800    0.0906638    0.0502983       2
1528328128     0.760100          NaN          NaN     -99
1528329186     0.644200    0.0555253    0.0514477       2
1528330039     0.818800          NaN          NaN     -99
1528334295     0.521400          NaN          NaN     -99
1528336193      1.22800          NaN          NaN     -99
1528341203     0.317700   0.00637794   0.00221375       0
1528343039     0.141900    0.0446089   0.00568670       0
1528344302     0.757700          NaN          NaN     -99
1529075265      1.45500          NaN          NaN     -99
1529081238      1.45580          NaN          NaN     -99
1529090191     0.852000     0.969090     0.367612       2
1529097299     0.641000          NaN          NaN     -99
1529110249      1.45680          NaN          NaN     -99
1529112215      1.34280          NaN          NaN     -99
1529123076     0.535100     0.102703     0.123976       2
1529127181     0.641100          NaN          NaN     -99
1529145039     0.535500          NaN          NaN     -99
1529161307     0.822800          NaN          NaN     -99
1529173280     0.852400      1.04951     0.185954       2
1529173296     0.852400     0.981005     0.274286       2
1529175079      1.17050          NaN          NaN     -99
1529177288     0.851700      2.82166      3.62361       2
1529187189     0.344300          NaN          NaN     -99
1529198064     0.355800          NaN          NaN     -99
1529198197     0.344900          NaN          NaN     -99
1529200271     0.294500    0.0144380   0.00143985       0
1529213155     0.754100          NaN          NaN     -99
1529221319     0.973600          NaN          NaN     -99
1529225287      1.22540          NaN          NaN     -99
1529227291      1.22700          NaN          NaN     -99
1529230052     0.356100          NaN          NaN     -99
1529238160     0.288400          NaN          NaN     -99
1529240228     0.355700          NaN          NaN     -99
1529256326     0.640000      1.51834     0.246742       2
1529259061      1.12990          NaN          NaN     -99
1529261138     0.455300    0.0259293    0.0137013       2
1529274353     0.355200          NaN          NaN     -99
1529283222     0.753100      9.29330      3.75508       2
1529284336     0.640500          NaN          NaN     -99
1529303214     0.977100          NaN          NaN     -99
1529324312     0.895600     0.168413     0.114861       2
1529333245     0.194500          NaN          NaN     -99
1529336091     0.292600     0.322745   0.00645408       0
1529338342     0.731500          NaN          NaN     -99
1529345176     0.287800      1.02152    0.0245493       0
1529346207     0.697100      9.77564      5.24873       2
1530025316     0.622400          NaN          NaN     -99
1530047150     0.760700     0.271917     0.210964       2
1530051150     0.374300    0.0706268    0.0259382       0
1530069087      1.07450          NaN          NaN     -99
1530069218      1.28840          NaN          NaN     -99
1530070238     0.366200     0.987472    0.0295867       0
1530072237     0.366400    0.0317379   0.00360994       0
1530073206      1.28810          NaN          NaN     -99
1530084260     0.309000          NaN          NaN     -99
1530087071     0.900300      7.68823      1.26372       2
1530089118     0.305200    0.0680832   0.00289527       0
1530093302     0.366100     0.355347   0.00606705       0
1530099259      1.36220          NaN          NaN     -99
1530105215     0.177400     0.154250   0.00258877       0
1530107116     0.900600     0.189982    0.0853168       2
1530113086     0.900700      5.75676      1.96136       2
1530125085     0.901700      2.07436      1.41749       2
1530125338     0.666400    0.0762591    0.0937383       2
1530134099      1.25650          NaN          NaN     -99
1530136079     0.901200          NaN          NaN     -99
1530142265     0.895300          NaN          NaN     -99
1530147125     0.842400          NaN          NaN     -99
1530149071     0.901000      2.27366     0.303201       2
1530159210     0.666600          NaN          NaN     -99
1530161042     0.895600     0.163992     0.240545       2
1530170122      1.03720          NaN          NaN     -99
1530182058     0.567200    0.0690766    0.0710771       2
1530182219     0.309900          NaN          NaN     -99
1530183213     0.367100    0.0798238   0.00479865       0
1530185116     0.893600          NaN          NaN     -99
1530190333     0.839200     0.175038     0.156941       2
1530197196     0.309600          NaN          NaN     -99
1530199106     0.124400    0.0947287   0.00132870       0
1530205124      1.33600          NaN          NaN     -99
1530208144      1.20560          NaN          NaN     -99
1530217168     0.176400   0.00619504  0.000638144       0
1530240088     0.551200          NaN          NaN     -99
1530240330     0.544100   0.00814731    0.0118122       2
1530255169     0.552500     0.872317     0.334350       2
1530261221     0.366400    0.0444769   0.00284130       0
1530262105     0.679900          NaN          NaN     -99
1530272149     0.308500     0.348454    0.0191099       0
1530275165     0.888600    0.0610001    0.0903955       2
1530291081     0.753700     0.304651     0.211823       2
1530301222      1.28670          NaN          NaN     -99
1530302047      1.07460          NaN          NaN     -99
1530302056     0.756800          NaN          NaN     -99
1530308199     0.668400          NaN          NaN     -99
1530310132     0.900700     0.321446     0.128633       2
1530312076     0.613200     0.216175    0.0742980       2
1530315269     0.838900          NaN          NaN     -99
1530322331     0.366900      4.23489     0.158515       0
1530323292      1.21010          NaN          NaN     -99
1530332340     0.310400          NaN          NaN     -99
1530341235     0.895700     0.419185     0.228948       2
1530349232     0.894900      3.00331      1.81116       2
1533031122     0.492600     0.284935     0.182070       2
1533040290     0.715600     0.275546     0.164242       2
1533083217     0.996100          NaN          NaN     -99
1533094090     0.782700    0.0718548    0.0556489       2
1533096135     0.454400    0.0355768    0.0169511       2
1533114311     0.716600     0.292345     0.260034       2
1533118071     0.148200          NaN          NaN     -99
1533122361     0.147700          NaN          NaN     -99
1533126164     0.772600      5.36416     0.782564       2
1533127165     0.772600      1.57523     0.569149       2
1533137334     0.992200          NaN          NaN     -99
1533141188      1.22300          NaN          NaN     -99
1533148102      1.42070          NaN          NaN     -99
1533148125      1.15140          NaN          NaN     -99
1533161121     0.407600     0.983970    0.0202292       0
1533168067      1.22240          NaN          NaN     -99
1533168315     0.517300    0.0466056    0.0343083       2
1533176049     0.314500      1.54837    0.0647230       0
1533176306      1.05980          NaN          NaN     -99
1533179258     0.984000          NaN          NaN     -99
1533182131     0.505200          NaN          NaN     -99
1533190055      1.46570          NaN          NaN     -99
1533197198     0.315400      4.54114     0.174139       0
1533209259     0.641200      3.40559     0.682588       2
1533212252     0.517600     0.780715     0.325571       2
1533214314     0.782600    0.0837887    0.0854493       2
1533222152     0.236200   0.00527287  0.000643523       0
1533222258     0.806200     0.157755    0.0965951       2
1533230190      1.08740          NaN          NaN     -99
1533234334     0.314500    0.0451524   0.00592009       0
1533249193     0.630600    0.0122565    0.0169019       2
1533253215     0.582200      7.07558      7.20106       2
1533258059     0.406900      2.61453    0.0146062       0
1533294263     0.716600     0.174872    0.0494361       2
1533302109     0.638800          NaN          NaN     -99
1533303235     0.728700     0.333570    0.0688720       2
1533304039     0.686100    0.0963138     0.127536       2
1533305140     0.638700      5.29325     0.828319       2
1533311093     0.638200      4.66985     0.301545       2
1533317053      1.42020          NaN          NaN     -99
1533335257     0.729400          NaN          NaN     -99
1533350081     0.790500          NaN          NaN     -99
1533369088      1.27900          NaN          NaN     -99
1534041169     0.310300          NaN          NaN     -99
1534042215      1.09710          NaN          NaN     -99
1534050272     0.313400          NaN          NaN     -99
1534054207      1.09670          NaN          NaN     -99
1534067029     0.404900    0.0644820   0.00739220       0
1534068093     0.314200          NaN          NaN     -99
1534070145     0.308400      1.01026    0.0162621       0
1534080198      1.17320          NaN          NaN     -99
1534082214     0.314600     0.346301   0.00988970       0
1534083098     0.988200          NaN          NaN     -99
1534085187     0.308200          NaN          NaN     -99
1534101075      1.29980          NaN          NaN     -99
1534104212    0.0554000          NaN          NaN     -99
1534107140     0.645400     0.610258     0.244717       2
1534109329     0.311700          NaN          NaN     -99
1534112145     0.311500          NaN          NaN     -99
1534118132     0.310300          NaN          NaN     -99
1534122062      1.46970          NaN          NaN     -99
1534130093     0.748400          NaN          NaN     -99
1534132324     0.632400      2.09119     0.161562       2
1534135277     0.311200    0.0297894   0.00615173       0
1534136051     0.766900     0.163313    0.0681417       2
1534149233     0.311600          NaN          NaN     -99
1534153058     0.311700          NaN          NaN     -99
1534176099     0.309200          NaN          NaN     -99
1534186270     0.368800    0.0519088   0.00368547       0
1534193151     0.785100      45.8057      12.9725       2
1534194077     0.313200      4.08924    0.0460882       0
1534198197     0.312900          NaN          NaN     -99
1534207240     0.313300          NaN          NaN     -99
1534208106     0.311500          NaN          NaN     -99
1534213122     0.513100    0.0518797    0.0502839       2
1534218154     0.317500    0.0102274    0.0154337       2
1534224157     0.308300          NaN          NaN     -99
1534239176     0.317100          NaN          NaN     -99
1534240084     0.312900          NaN          NaN     -99
1534241238      1.02430          NaN          NaN     -99
1534248208      1.30180          NaN          NaN     -99
1534250078     0.308700          NaN          NaN     -99
1534255335     0.867900     0.487558     0.185952       2
1534257275     0.777200     0.134258    0.0514352       3
1534261263     0.368600     0.310772   0.00607262       0
1534262325     0.728800          NaN          NaN     -99
1534263076     0.309300          NaN          NaN     -99
1534269188     0.984300          NaN          NaN     -99
1534274192     0.313400          NaN          NaN     -99
1534282147     0.318000     0.331719   0.00959063       0
1534284035     0.309300          NaN          NaN     -99
1534286239     0.513300    0.0963113    0.0747265       2
1534288303     0.368900          NaN          NaN     -99
1534291214     0.311100          NaN          NaN     -99
1534302074     0.309800          NaN          NaN     -99
1534302325     0.311600          NaN          NaN     -99
1534309148     0.512300      2.89027      1.16002       2
1534311157     0.512400      2.52409     0.278837       2
1534326065     0.947800          NaN          NaN     -99
1534331073     0.779400      10.3015      13.4496       2
1534337054     0.307900          NaN          NaN     -99
1534341196     0.419900    0.0671495    0.0150090       0
1534347163     0.982400          NaN          NaN     -99
1534356221     0.512700      9.33300     0.894990       2
1534360194     0.310700          NaN          NaN     -99
1534362301     0.354800     0.193083    0.0121265       0
2301042134     0.378200          NaN          NaN     -99
2301055215     0.325000    0.0319893   0.00290236       0
2301059209      1.10040          NaN          NaN     -99
2301064121     0.294500      4.25968     0.112516       0
2301065213      1.28130          NaN          NaN     -99
2301076072      1.27820          NaN          NaN     -99
2301078046     0.719500          NaN          NaN     -99
2301091097     0.252000    0.0223351   0.00102049       0
2301101113     0.553200      2.09901     0.309614       2
2301109255     0.293600      3.34089    0.0800554       0
2301126273      1.04510          NaN          NaN     -99
2301139077     0.252000    0.0131212  0.000663016       0
2301142284      1.16670          NaN          NaN     -99
2301155151     0.553100          NaN          NaN     -99
2301157280      1.46390          NaN          NaN     -99
2301167297     0.296800     0.139224   0.00948658       0
2301178207     0.356000    0.0344011   0.00235182       0
2301181275      1.04560          NaN          NaN     -99
2301196197     0.298100          NaN          NaN     -99
2301202054      1.17510          NaN          NaN     -99
2301216293     0.477200    0.0145602    0.0138177       2
2301225206     0.601200      1.38941     0.613261       2
2301226169     0.263600    0.0101731   0.00190174       0
2301238090      1.10030          NaN          NaN     -99
2301250093      1.10000          NaN          NaN     -99
2301257053     0.299600     0.356966    0.0419686       0
2301262343     0.296700          NaN          NaN     -99
2301263214      1.10120          NaN          NaN     -99
2301266309     0.298600    0.0248164   0.00710455       0
2301269327     0.298400      1.90355    0.0897137       0
2301269332     0.298800    0.0448593   0.00350999       0
2301285228     0.298000          NaN          NaN     -99
2301288271     0.299600     0.390652    0.0236019       0
2301290182     0.941200          NaN          NaN     -99
2301290261     0.297800          NaN          NaN     -99
2301301114     0.837800      2.45652     0.916257       2
2301303081     0.479000          NaN          NaN     -99
2301307255      1.40060          NaN          NaN     -99
2301321226     0.296700          NaN          NaN     -99
2301323312      1.11130          NaN          NaN     -99
2301327145     0.467900     0.282307    0.0514633       2
2301337282     0.922500      5.30434      5.78980       2
2301338300     0.298500          NaN          NaN     -99
2301339339     0.299500          NaN          NaN     -99
2301363261     0.477500      8.67020      2.53150       2
2302049338      1.10330          NaN          NaN     -99
2302055345     0.959700          NaN          NaN     -99
2302062058     0.280500     0.117811   0.00400388       0
2302063314     0.377400    0.0549418   0.00454847       0
2302064205      1.22010          NaN          NaN     -99
2302065270     0.293100          NaN          NaN     -99
2302070350     0.960500          NaN          NaN     -99
2302071358      1.28830          NaN          NaN     -99
2302076085     0.140200    0.0197415  0.000759488       0
2302076207     0.246900          NaN          NaN     -99
2302080149     0.833600    0.0684557    0.0603695       2
2302085072      1.24630          NaN          NaN     -99
2302088237      1.32740          NaN          NaN     -99
2302096105     0.767200     0.405578     0.137280       2
2302104216     0.372300    0.0753322   0.00295474       0
2302106163     0.613200    0.0911102    0.0563770       2
2302109149     0.452300          NaN          NaN     -99
2302110228      1.32650          NaN          NaN     -99
2302147060     0.734000          NaN          NaN     -99
2302157312     0.728600     0.806741     0.101576       2
2302163079     0.482700      1.45405     0.189269       2
2302165147     0.575000      2.29922     0.312075       2
2302192123     0.193100     0.106323   0.00148762       1
2302192319     0.888500      1.02281     0.290317       2
2302196199     0.292600          NaN          NaN     -99
2302197233     0.293200          NaN          NaN     -99
2302201268     0.656800          NaN          NaN     -99
2302205338     0.294700          NaN          NaN     -99
2302220315     0.886900      6.02122     0.528291       2
2302221354     0.658800    0.0945338    0.0985799       2
2302227173     0.293300          NaN          NaN     -99
2302233106      1.01290          NaN          NaN     -99
2302234111      1.24640          NaN          NaN     -99
2302245218     0.289800          NaN          NaN     -99
2302265123     0.294300     0.155805    0.0123375       0
2302266205      1.01230          NaN          NaN     -99
2302269097     0.481700   0.00787319   0.00815152       2
2302273166      1.01250          NaN          NaN     -99
2302280234     0.291400     0.310815   0.00352089       0
2302300086      1.01300          NaN          NaN     -99
2302301296     0.292000   0.00356610  0.000305355       0
2302303345     0.744700    0.0239870    0.0138204       3
2302307102     0.774800      1.01089     0.918591       2
2302310085     0.461900     0.108474    0.0852425       2
2303028087     0.679200          NaN          NaN     -99
2303030270     0.476500      23.0199      17.7476       2
2303047347     0.774900      8.61420      4.95022       2
2303048228     0.535700          NaN          NaN     -99
2303067149      1.33410          NaN          NaN     -99
2303073257     0.301100    0.0383560   0.00302302       0
2303076356     0.947300          NaN          NaN     -99
2303081075     0.674600    0.0434390    0.0487571       2
2303082225     0.777600      12.3731      5.65361       3
2303086057      1.43280          NaN          NaN     -99
2303096297     0.679400          NaN          NaN     -99
2303121065     0.788600     0.836961     0.307233       2
2303136286     0.539300      3.47760      2.07938       2
2303137291     0.341700          NaN          NaN     -99
2303141049     0.478800          NaN          NaN     -99
2303141240      1.44270          NaN          NaN     -99
2303145342     0.776100          NaN          NaN     -99
2303148291     0.363300     0.174094   0.00394680       0
2303163148      1.33300          NaN          NaN     -99
2303171110     0.675000     0.964674     0.588074       2
2303174205     0.730000     0.155252    0.0628664       2
2303176295      1.21540          NaN          NaN     -99
2303190116     0.564800     0.605446     0.230182       2
2303197196     0.342800      4.55800     0.195666       0
2303198354     0.678700          NaN          NaN     -99
2303205324     0.536300      1.06882     0.184443       2
2303206223     0.379300     0.151077    0.0149187       0
2303208308     0.536100      7.78489      1.03754       2
2303213150     0.564100      1.15665     0.459842       2
2303220356     0.673600          NaN          NaN     -99
2303221186     0.478100     0.271931    0.0603918       2
2303222091      1.17840          NaN          NaN     -99
2303222209     0.736300    0.0530568    0.0476672       2
2303225361     0.674300          NaN          NaN     -99
2303232239     0.416300     0.123824   0.00845262       0
2303234257     0.825200          NaN          NaN     -99
2303244114      1.21280          NaN          NaN     -99
2303246161     0.564100     0.297532     0.116539       2
2303262130     0.307900    0.0199367   0.00167798       0
2303268195     0.416500     0.152500   0.00586290       0
2303284332     0.671900     0.146942     0.213034       2
2303296142     0.888300      1.79980     0.639175       2
2303302279     0.479400     0.557196     0.405787       2
2303312049     0.899800          NaN          NaN     -99
2303318110     0.776100          NaN          NaN     -99
2303318233     0.887400     0.194968    0.0668609       2
2303318253      1.18260          NaN          NaN     -99
2303323234     0.293700    0.0350495   0.00321745       0
2303324306     0.674400    0.0763969     0.109394       2
2303324360     0.832100      3.90631      4.59170       2
2303325316      1.46000          NaN          NaN     -99
2303326208     0.121800    0.0125446  0.000707154       0
2303349164     0.788700          NaN          NaN     -99
2304045162     0.285400     0.341337    0.0127443       0
2304060086     0.782200      1.62431     0.358914       2
2304068093     0.452100      1.07762     0.242990       2
2304070240     0.861400          NaN          NaN     -99
2304076123      1.05970          NaN          NaN     -99
2304080135     0.703400          NaN          NaN     -99
2304088138     0.785200          NaN          NaN     -99
2304095267     0.815100      2.11390     0.980181       2
2304104201     0.288200      5.80145    0.0633837       0
2304107235     0.702700          NaN          NaN     -99
2304119316     0.287800    0.0662539   0.00258917       0
2304123090      1.05930          NaN          NaN     -99
2304126068      1.22350          NaN          NaN     -99
2304149133     0.979400          NaN          NaN     -99
2304154276      1.29110          NaN          NaN     -99
2304158110     0.339500     0.168788   0.00671684       0
2304164269      1.18720          NaN          NaN     -99
2304166326      1.01400          NaN          NaN     -99
2304175167     0.781400     0.693574     0.451076       2
2304186170     0.781500          NaN          NaN     -99
2304188222     0.282800     0.560072    0.0568252       0
2304191285     0.394900    0.0111310   0.00165365       0
2304194044     0.833300      5.25889      1.35615       2
2304196198     0.285700      1.50943     0.242492       0
2304202299     0.336500     0.563139   0.00868906       0
2304216163     0.179600     0.586713    0.0200110       0
2304223325      1.33850          NaN          NaN     -99
2304225105     0.703500          NaN          NaN     -99
2304225196     0.603200     0.127093     0.117761       2
2304229060     0.680100    0.0415992    0.0484915       2
2304251290     0.484700    0.0307112    0.0239762       2
2304262266     0.604700      1.29376     0.345006       2
2304266176     0.702700          NaN          NaN     -99
2304279199     0.285100      1.97680     0.178761       0
2304295343      1.33950          NaN          NaN     -99
2304324364     0.386600      1.02536     0.248529       0
2304330328     0.175900     0.806270    0.0156985       0
2304333325     0.175800    0.0217370   0.00613424       0
2304335172     0.784900     0.437791     0.180552       3
2304352119     0.702000     0.354028     0.237645       2
2304353277      1.28910          NaN          NaN     -99
2305040193     0.526100     0.395036    0.0726826       2
2305040214     0.526300     0.538253     0.173272       2
2305063101     0.487600          NaN          NaN     -99
2305063143     0.320500          NaN          NaN     -99
2305064356     0.696700          NaN          NaN     -99
2305074133      1.12180          NaN          NaN     -99
2305076034     0.827300          NaN          NaN     -99
2305081126     0.798300          NaN          NaN     -99
2305090050      1.37150          NaN          NaN     -99
2305094248     0.314400    0.0435135   0.00235494       0
2305095086      1.06720          NaN          NaN     -99
2305097232     0.827600          NaN          NaN     -99
2305114173      1.20490          NaN          NaN     -99
2305118225     0.319600          NaN          NaN     -99
2305123267     0.701400          NaN          NaN     -99
2305123302     0.721600    0.0468000    0.0134640       3
2305124288     0.320000          NaN          NaN     -99
2305129254     0.945000          NaN          NaN     -99
2305131173     0.318700          NaN          NaN     -99
2305132060      1.36710          NaN          NaN     -99
2305136036     0.763100     0.913427     0.460469       2
2305137053     0.310100    0.0271904   0.00187241       0
2305148056     0.314500          NaN          NaN     -99
2305151035     0.317400          NaN          NaN     -99
2305167325      1.10750          NaN          NaN     -99
2305173101     0.376200    0.0169432   0.00154327       0
2305179035      1.32110          NaN          NaN     -99
2305190139      1.22340          NaN          NaN     -99
2305190208     0.324400    0.0197349   0.00114328       0
2305192225     0.697000          NaN          NaN     -99
2305192319     0.385300     0.429828    0.0465424       0
2305196343     0.386700    0.0959508   0.00731028       0
2305197198     0.317300          NaN          NaN     -99
2305197261     0.206800    0.0193354  0.000947804       1
2305217067     0.316900    0.0138116   0.00814610       3
2305226109     0.314700          NaN          NaN     -99
2305232067     0.693100      2.54082     0.268575       2
2305232117     0.385400   0.00623424   0.00180210       0
2305232132      1.22310          NaN          NaN     -99
2305246049     0.318000          NaN          NaN     -99
2305250145     0.319800          NaN          NaN     -99
2305257086      1.22570          NaN          NaN     -99
2305269300     0.487900     0.333011    0.0515639       2
2305271246     0.372100          NaN          NaN     -99
2305272316     0.371800    0.0715495   0.00324583       0
2305274289     0.372500   0.00486961  0.000847752       0
2305275086      1.25020          NaN          NaN     -99
2305289115     0.827500          NaN          NaN     -99
2305306221      1.27090          NaN          NaN     -99
2305310062      1.14170          NaN          NaN     -99
2305321191      1.27390          NaN          NaN     -99
2305328344      1.37710          NaN          NaN     -99
2305332151     0.306400    0.0933937   0.00283892       0
2305340284     0.317000          NaN          NaN     -99
2305342325     0.372200     0.518997    0.0223643       0
2305343202     0.320000          NaN          NaN     -99
2306071342      1.08200          NaN          NaN     -99
2306085259     0.412700    0.0459172   0.00782658       0
2306088290     0.885800          NaN          NaN     -99
2306091212     0.976600          NaN          NaN     -99
2306094125     0.521700    0.0303481    0.0146472       2
2306097277     0.705500      17.0010      4.03757       2
2306105078     0.429200      1.42520     0.117609       2
2306105284     0.801200     0.258768     0.104515       3
2306106190      1.08200          NaN          NaN     -99
2306108337     0.173300     0.126759   0.00148971       0
2306109070     0.429000     0.204704    0.0444198       2
2306111080     0.429400      1.08697     0.133018       2
2306111281     0.705800     0.131770    0.0837289       2
2306113099      1.30030          NaN          NaN     -99
2306116330     0.960400          NaN          NaN     -99
2306123236     0.978100          NaN          NaN     -99
2306127313     0.959400          NaN          NaN     -99
2306130337     0.980900          NaN          NaN     -99
2306132210     0.646200    0.0951972    0.0917648       2
2306134137     0.429000     0.476898     0.135262       2
2306139077     0.429400    0.0598712    0.0143623       2
2306144318     0.979900          NaN          NaN     -99
2306150262     0.978700          NaN          NaN     -99
2306160250     0.980100          NaN          NaN     -99
2306167327     0.848100      1.35800     0.603999       2
2306170094      1.19650          NaN          NaN     -99
2306177173     0.981400          NaN          NaN     -99
2306191272     0.703800     0.879614     0.229346       2
2306197198     0.313900          NaN          NaN     -99
2306203078     0.703000          NaN          NaN     -99
2306203350     0.679400     0.155514     0.114613       2
2306208145      1.21360          NaN          NaN     -99
2306210051      1.20560          NaN          NaN     -99
2306216047      1.20530          NaN          NaN     -99
2306227251     0.675700      11.7807      9.46799       2
2306228251     0.675800      7.98550      1.90740       2
2306241264      1.19630          NaN          NaN     -99
2306244101      1.19400          NaN          NaN     -99
2306249283      1.18640          NaN          NaN     -99
2306249312      1.19210          NaN          NaN     -99
2306250163     0.703900     0.812701     0.297404       2
2306269342     0.438000     0.423972    0.0895857       2
2306276140     0.801600          NaN          NaN     -99
2306283351     0.980700          NaN          NaN     -99
2306285177      1.19600          NaN          NaN     -99
2306288280     0.524100    0.0299717    0.0146125       2
2306290320     0.979500          NaN          NaN     -99
2306291154     0.508500          NaN          NaN     -99
2306296245     0.703100    0.0644043    0.0689321       2
2306299134      1.19410          NaN          NaN     -99
2306309215      1.38120          NaN          NaN     -99
2306319078    0.0840000     0.480055   0.00649105       0
2306328225     0.801400    0.0196497    0.0135429       3
2306334313     0.797900      1.33652     0.272245       2
2306340286     0.797000     0.133911    0.0617405       2
2306345248      1.42700          NaN          NaN     -99
2306349353     0.645900     0.118951     0.186865       2
2306350148     0.711100     0.654457     0.239325       2
2306350331      1.30130          NaN          NaN     -99
2306352255      1.08260          NaN          NaN     -99
2306361106      1.19230          NaN          NaN     -99
2306365123     0.732100          NaN          NaN     -99
2307030144     0.615600      4.68630      2.99920       2
2307036112     0.337300          NaN          NaN     -99
2307046153      1.30410          NaN          NaN     -99
2307049091      1.30450          NaN          NaN     -99
2307053147      1.25010          NaN          NaN     -99
2307059250     0.336500     0.275960    0.0451147       0
2307063182     0.334700   0.00159653  0.000773066       3
2307083215     0.335700          NaN          NaN     -99
2307094146      1.30240          NaN          NaN     -99
2307113124      1.25360          NaN          NaN     -99
2307136061      1.17650          NaN          NaN     -99
2307145281     0.335800          NaN          NaN     -99
2307147117     0.835500          NaN          NaN     -99
2307153115     0.766500     0.232523    0.0957284       2
2307155266     0.481000    0.0179659   0.00968369       2
2307182110     0.334300          NaN          NaN     -99
2307182236     0.828600          NaN          NaN     -99
2307193118      1.24990          NaN          NaN     -99
2307197200     0.335700          NaN          NaN     -99
2307203233     0.334900          NaN          NaN     -99
2307207180     0.335700          NaN          NaN     -99
2307216174      1.29820          NaN          NaN     -99
2307216311     0.458100          NaN          NaN     -99
2307228105     0.334200          NaN          NaN     -99
2307236292     0.637600    0.0682510    0.0321580       2
2307245220     0.396000   0.00949311   0.00145147       0
2307258066      1.21270          NaN          NaN     -99
2307264076     0.841800     0.740923     0.351711       2
2307267077     0.336900          NaN          NaN     -99
2307279197      1.07590          NaN          NaN     -99
2307285098      1.07350          NaN          NaN     -99
2307297145    0.0843000   0.00296765  0.000109533       0
2307313119      1.21290          NaN          NaN     -99
2307315157     0.922100          NaN          NaN     -99
2307355263     0.335300          NaN          NaN     -99
2307361048      1.20850          NaN          NaN     -99
2308035151      1.13960          NaN          NaN     -99
2308045077     0.557600      2.41606      1.33321       2
2308063334     0.387400     0.305933    0.0119263       0
2308069035     0.747700      49.6341      68.8933       2
2308074355     0.774200     0.473874     0.435738       2
2308076115     0.622500     0.106759    0.0698626       2
2308076143      1.01810          NaN          NaN     -99
2308076271     0.387600     0.617890    0.0155959       0
2308082155      1.02000          NaN          NaN     -99
2308097160      1.13900          NaN          NaN     -99
2308105335      1.03300          NaN          NaN     -99
2308129329     0.388000     0.508437   0.00755092       0
2308140242     0.808100     0.273981     0.272311       2
2308141103      1.11630          NaN          NaN     -99
2308142302      1.00560          NaN          NaN     -99
2308151126     0.347400          NaN          NaN     -99
2308166074     0.832600    0.0364570    0.0400836       2
2308168162     0.346200   0.00472452   0.00178859       0
2308181158     0.346700   0.00737192   0.00220062       0
2308184285      1.01260          NaN          NaN     -99
2308186140     0.347700     0.922572    0.0132540       0
2308194113      1.14270          NaN          NaN     -99
2308197154      1.14780          NaN          NaN     -99
2308198064     0.345300          NaN          NaN     -99
2308198197     0.346900      9.71885      1.59344       0
2308207056     0.999800          NaN          NaN     -99
2308211114     0.999700          NaN          NaN     -99
2308219108     0.456800          NaN          NaN     -99
2308227112     0.457200     0.291901     0.159599       2
2308246262      1.31590          NaN          NaN     -99
2308248215     0.348300      1.33184    0.0321338       0
2308250227     0.347900     0.188191   0.00545432       0
2308254223     0.348000    0.0652582   0.00394614       0
2308255098     0.795900          NaN          NaN     -99
2308258220     0.347900     0.121558   0.00611679       0
2308265117     0.724900     0.334803     0.116672       2
2308268103     0.345700    0.0153205   0.00237775       0
2308269162      1.01210          NaN          NaN     -99
2308278266      1.14760          NaN          NaN     -99
2308289296      1.02020          NaN          NaN     -99
2308292149     0.724500     0.229471     0.122250       2
2308295194     0.346200     0.383750    0.0270330       0
2308296332      1.14920          NaN          NaN     -99
2308298039      1.23610          NaN          NaN     -99
2308299106     0.199600    0.0348903   0.00235609       1
2308302031      1.23470          NaN          NaN     -99
2308330147      1.00190          NaN          NaN     -99
2308338215     0.687500          NaN          NaN     -99
2308356275      1.40520          NaN          NaN     -99
2310037140     0.340900      7.78838     0.116319       0
2310043149     0.343700    0.0212800   0.00560587       0
2310057078     0.201400          NaN          NaN     -99
2310057133     0.744700      9.91973      2.29094       2
2310060206      1.47680          NaN          NaN     -99
2310066124     0.819600     0.235377     0.170486       2
2310066233      1.47050          NaN          NaN     -99
2310076213     0.603300     0.530826    0.0940954       2
2310077258      1.47920          NaN          NaN     -99
2310084151     0.932600          NaN          NaN     -99
2310091065     0.201500    0.0326188   0.00156160       1
2310102312      1.31380          NaN          NaN     -99
2310112107     0.707500    0.0578568    0.0581939       2
2310118156     0.340300   0.00622229   0.00112994       0
2310120109     0.179300    0.0310565   0.00432656       0
2310137110     0.283300     0.133836   0.00273349       0
2310149085     0.546500      1.85987     0.399245       2
2310151246      1.08210          NaN          NaN     -99
2310167176     0.283200      19.1271     0.448490       0
2310167320     0.179200          NaN          NaN     -99
2310177232      1.20160          NaN          NaN     -99
2310184187     0.350300      3.29823    0.0577001       0
2310199196     0.283300      4.36340     0.194202       0
2310212093     0.659000     0.908102     0.177915       2
2310230075     0.546000      1.27580     0.132945       2
2310236063     0.808600    0.0301890    0.0144120       3
2310249320      1.38200          NaN          NaN     -99
2310255147      1.04820          NaN          NaN     -99
2310260257     0.736200      1.45994     0.394743       2
2310262297     0.284600   0.00318742   0.00112156       0
2310275119     0.658600      5.15836     0.393901       2
2310275138     0.479200          NaN          NaN     -99
2310275155     0.818300     0.588650     0.166235       2
2310279329      1.33220          NaN          NaN     -99
2310293123     0.283800     0.101450   0.00298879       0
2310299242     0.737100      2.60117     0.479171       2
2310308111     0.619200     0.592876     0.314769       2
2310310346      1.33230          NaN          NaN     -99
2310312167     0.528500    0.0747738    0.0211955       2
2310313103     0.284300      10.4522     0.157283       0
2310330106     0.283500     0.235659   0.00417569       0
2310335240     0.817400          NaN          NaN     -99
2310336266     0.350400    0.0265753   0.00297622       0
2310345070     0.730800          NaN          NaN     -99
